A0209907X
0.6518353678058915
0.5334120733175972
0.48155691045651094
0.3222877823492616
0.9472244715855067
0.5037161576677079
0.4966133692580693
0.6985233861738298
0.486544887757124
0.461618754432566
0.5444818336966627
0.8258100094908356
0.4514726545175114
0.4385257836467211
0.4958589111825305
0.6034187276586183
0.5184425964848566
0.41914292338737325
0.5498189238301197
0.53920481986387
0.6608853911569532
0.611160518002293
0.5055986677935662
0.4986209399877765
0.5300188358746906
0.5541189925732889
0.5077536572341909
0.5199558711946191
0.428298074542848
0.3873465254065868
0.48980544367657713
0.448213188300045
0.4819909357588068
0.8746827965365662
0.864916731154174
0.5046169595613006
0.5344701663992986
0.619727874578565
0.8067242974370958
0.7961690290013238
0.46050853009398807
0.41359935010602167
0.4221556138701795
0.6281099690584653
0.7999359810410918
0.7312201818969793
0.5618683660005283
0.44892146190568016
0.5078196606843862
0.5742044315423458
0.5766521244641685
0.5153849233508508
0.5960415869819533
0.8947584227741919
0.46325168000646066
0.7173135747400525
0.4948227617119891
0.6401856746159899
0.36648329141115077
0.46531960462387156
0.6295344240523582
0.8117678994651554
0.6791464219362143
0.46068280855382054
0.4987170595810802
0.778909962887749
0.5967506413834663
0.5203044584674218
0.48340130844810947
0.8016199428213996
0.62613996071306
0.4964428257877836
0.8816529026967954
0.5842494766265106
0.47674454104916025
0.46308417269878355
0.4534187189219147
0.43544943622744825
0.5355708953144025
0.6920732252387748
0.6810655824781235
0.5538930548611719
0.5019609858094584
0.8558172430230762
0.48758737787614936
0.5857919583455815
0.4273767258104886
0.4636736618375209
0.5646913335424577
0.4427741701280966
0.7812623115974284
0.6247515105086338
0.5292508932230626
0.4590159904963943
0.7561105983467791
0.4667423895182239
0.82507861752589
0.8147958242264596
0.3758260157674358
0.517207748291139
0.3883346311393791
0.48421759523302527
0.47755542553862296
0.5152722303133837
0.4549510547242516
0.795447000402107
0.541472635344213
0.6957525905089255
0.7528390973221796
0.5179765260724776
0.41113556905273374
0.8456843127165583
0.5286830372829711
0.6579296018100866
0.8608606647155077
0.5064685074761544
0.42376385694084595
0.771836933888741
0.5558124948715153
0.4287778719667989
0.41082969191997826
0.506269026994376
0.4408449841926702
0.5059335023480998
0.857524609347189
0.4805066660484928
0.4345910570775501
0.7981902644806451
0.48903540830370174
0.8586985266561169
0.5321126642252417
0.665230316002422
0.4739277048670941
0.5144883627761012
0.5431781105324993
0.487976498978855
0.4636296668099562
0.5382122070672529
0.7766262216849196
0.5576652602114447
0.7197607969600082
0.45795673119233526
0.7021508582942713
0.6038247114561248
0.6230534582489684
0.47830234815345185
0.4561337108863172
0.48477046517779393
0.49826055082254905
0.5627391813869013
0.9007594627340092
0.5142698087666804
0.49610801102429747
0.5729319865727482
0.4683012890251902
0.6156518738692147
0.47368777079168445
0.5935144799767614
0.4815443613090375
0.6497719129791899
0.5529451473365443
0.555270369428123
0.6112318335598222
0.5338782573762186
0.8703130528044505
0.4669415465231891
0.4574486479652942
0.8891314328962401
0.49936215897628455
0.46650056976753673
0.8628170339928584
0.5677962143713834
0.5487595894229078
0.8101876564758773
0.5171396286357182
0.6714721840922618
0.8167558282999772
0.6691441670004693
0.4966860582785321
0.338681995722908
0.7058727627069818
0.8744785467615713
0.8700813640155683
0.3826794720911717
0.5668294063510518
0.5295119157662341
0.49432238277378027
0.46494995813839757
0.8639581718901386
0.4873721018739391
0.60021326050102
0.47761393658489215
0.7525345551566905
0.5498257953472817
0.6820392455850132
0.5781141606531764
0.6487121233116965
0.44932229027160586
0.4540958725783826
0.8279788617567551
0.3886514841728158
0.487260892406114
0.7544110736223133
0.5556619559850169
0.6773931820825994
0.4750338229637652
0.7026510439162442
0.6305700372034884
0.5330791997633262
0.505451976278444
0.7867117209098607
0.6670086792654049
0.4957220457348577
0.6296517319116445
0.6950565530833839
0.46871750313339255
0.6835769756979768
0.3911750274432052
0.6632692169848865
0.4542254475913188
0.4922282362016729
0.7464559227770697
0.5580219394687786
0.5032640517877918
0.8998007960578651
0.5304346383987529
0.5380317197445004
0.46387307467232164
0.489503783897996
0.6605676043114456
0.4408812544427828
0.6148264797223043
0.48517630679378637
0.5672205343126728
0.8063604803696482
0.4377698597118429
0.5054116575745923
0.7278580653492681
0.4409440644362562
0.6771601808221984
0.47088563486449186
0.7202070241383897
0.4018020772793042
0.6555582285863812
0.6282966799605085
0.49870809153040146
0.605889743152614
0.7642072239148444
0.45705985548827555
0.44892875056316306
0.3863764503538105
0.6516856821473173
0.593520873743066
0.8077690344084956
0.7148482807518866
0.4778856519143959
0.5485024576236697
0.49650925124189094
0.4689768928744621
0.31298338606069964
0.7900298780359387
0.6685772236959887
0.8851595832435217
0.5339976985073894
0.6365753315670162
0.42962188723722056
0.4958548626851995
0.5022969815872661
0.48416314325912513
0.3936314588389586
0.46857467775719314
0.5172063365299704
0.8292467593110393
0.565624003142659
0.47546794333419967
0.4796425178095017
0.3088517118093663
0.5735375104305956
0.4431614992668501
0.4958974191417518
0.672737796517497
0.514835330298198
0.4741811847911318
0.4592723342108583
0.49103319164418513
0.5419093633223911
0.5736195305274266
0.6871024972351619
0.815674562530239
0.5190297897972933
0.6572418836895656
0.4626241314046772
0.6971310790850749
0.6957881808401486
0.4084667321631862
0.464367282305197
0.6432920267274354
0.6706053419498228
0.468847639416897
0.4913415716604972
